38.58380805  
17.59772115  
2.116491393  
25.40852311  
108.2921106  
38.41786706  
16.34303468  
16.1662288  
82.67933002  
30.61174513  
38.20581788  
73.79362768  
-4.789855662  
56.80571157  
38.08363917  
-0.00567135058  
64.02190118  
21.37282254  
52.66952889  
64.2902815  
-25.59358529  
20.084652  
26.92054477  
-0.3165660061  
11.59168881  
41.95834829  
133.7503803  
57.42381101  
33.64443817  
40.05045654  
23.65696953  
-0.05879848392  
-30.80136348  
65.52892805  
52.74018559  
89.02456966  
-30.45893386  
-17.46083831  
56.14066401  
0.4439217731  
41.2052262  
150.2491559  
78.53728666  
-42.31630684  
-1.173689036  
72.0763545  
35.90833008  
74.51287792  
39.31674442  
21.3165738  
41.92596165  
73.12968696  
-24.70402552  
124.4688318  
-21.76109333  
39.00101772  
47.93631275  
14.40591119  
-9.295849097  
-0.3563254507  
20.42608392  
6.382902396  
-35.36309526  
67.04480779  
30.53593218  
40.022742  
28.45161498  
28.4919363  
34.48413237  
-14.6266712  
19.45116824  
10.89377197  
33.71558516  
36.41357416  
-50.30912124  
-54.51690172  
100.9408324  
64.52714769  
114.4489479  
-11.38686095  
24.02325515  
0.9667038882  
15.64943989  
47.3317577  
-4.300396028  
59.11037927  
-4.782357391  
20.60199234  
22.58763928  
12.21165391  
