-0.6334468487  
-2.158077786  
6.468170803  
2.678308198  
-26.28604876  
0.1958063998  
20.64252531  
0.7700511154  
6.291347479  
7.726474762  
10.94873623  
8.057971678  
5.731401368  
7.857191569  
3.943059219  
-20.56245638  
8.786387972  
8.108464963  
13.55587243  
0.2561734978  
-0.2318849814  
5.691086731  
14.00547486  
17.06587249  
7.821172935  
7.161642771  
5.410959164  
3.012799225  
16.82790975  
-12.7343347  
-23.52743895  
-0.8936710232  
14.0981188  
19.16327474  
9.712784805  
-1.321037523  
11.14019515  
1.444896995  
-15.82875711  
-5.674858749  
18.91731897  
5.960320529  
-2.534411004  
16.9862182  
-2.34055078  
3.444269858  
-14.58155811  
-5.009892564  
12.12940004  
0.7393607591  
11.15026699  
28.00590963  
-2.175281032  
-2.227952146  
5.935494446  
3.615533079  
4.641450835  
-3.654683471  
-4.734432271  
-2.089474753  
-5.401975484  
-0.3682392679  
-7.351496057  
15.59484772  
-8.826731657  
-20.72305496  
8.705855072  
-8.539977877  
-3.007789413  
4.775885008  
5.190003994  
8.980405186  
15.56455162  
1.666233069  
-7.44338476  
3.194606372  
24.74868858  
9.018511013  
12.23371787  
5.834157047  
24.98684052  
-7.064075592  
-0.4563083798  
-2.094266753  
23.22994517  
-6.819228731  
28.78768765  
9.689298128  
-15.36054293  
2.170804642  
