15.24846006  
67.2601106  
63.75643903  
14.26919556  
40.40345063  
46.12713555  
115.8697771  
95.9944037  
160.1670916  
20.05589264  
18.88940698  
1.409303038  
-50.16409129  
58.02171147  
141.4914888  
122.8739989  
29.42367727  
32.76421124  
39.61479825  
89.28055151  
35.89351127  
21.61406291  
19.30078949  
76.49450764  
5.833595115  
52.7049714  
34.61300457  
43.64150714  
56.02229655  
16.32743561  
52.91835095  
-6.301153014  
-7.801051294  
160.7509402  
16.36694666  
43.174913  
-9.325155988  
20.41320187  
-17.48563586  
59.19041405  
40.1086954  
23.59992481  
61.21152647  
9.493633959  
228.84208  
-3.990203718  
4.292215339  
18.80599247  
11.96315829  
24.19659921  
41.66320788  
90.41155584  
2.251223026  
114.6409715  
35.63081584  
8.577159248  
78.32215274  
41.08482745  
170.0529187  
-42.91681857  
39.57564909  
-39.40436378  
10.43212375  
14.40627325  
72.43904234  
92.74162072  
71.26081729  
81.80171746  
117.6193908  
97.8082943  
51.23461418  
57.7869523  
36.83448347  
79.90779796  
119.5369006  
38.93547279  
28.8206618  
25.18359068  
-100.8515625  
11.70297219  
85.17411834  
33.22790069  
-9.213702911  
46.70861656  
15.91827431  
75.97184794  
19.30975434  
57.05390368  
-17.9552143  
-12.50714601  
