11.06188411  
13.39353778  
-0.3795609851  
28.16950329  
34.63262939  
18.34955522  
1.266163155  
4.846081769  
-3.786111253  
-2.4431192  
5.262626493  
18.49512828  
30.48726486  
4.134256565  
10.89076737  
18.00102518  
17.12945986  
3.753156027  
23.49753415  
21.7448158  
12.52935174  
23.899901  
18.97224083  
30.73593521  
6.539120461  
8.357633286  
10.24584209  
-7.894797206  
22.72193191  
1.145985636  
-7.855410489  
-0.6640479047  
-6.880871036  
-12.41404936  
14.19333051  
29.93126769  
5.321688357  
6.512099897  
-0.610550893  
5.399526472  
11.96478928  
23.9339102  
15.15767856  
-4.49513201  
-9.744596933  
-0.3413420445  
32.57920297  
16.29042909  
19.09822657  
18.70042251  
8.387172034  
41.361245  
20.10550394  
15.61781566  
-6.546661891  
2.649289548  
-10.76134541  
12.58861033  
-3.139115308  
35.89337803  
38.85289162  
16.71670896  
-5.669516949  
32.05709515  
52.23175159  
9.433157108  
12.89540874  
0.633610876  
0.3565740758  
7.94559602  
6.236014593  
-3.196054637  
0.9736782626  
-5.273187938  
15.14384929  
-2.441665275  
32.69636676  
10.21994932  
-6.511826716  
5.676655901  
-18.14950489  
-1.18471865  
-8.829034206  
7.312965933  
-14.18619991  
12.28625991  
-3.736846356  
3.683441639  
-2.713339655  
-3.440797331  
