3.40802017  
-1.711387942  
7.026029632  
31.91193832  
-6.484440527  
8.485025327  
5.623425392  
-3.396994139  
3.538462512  
6.664139829  
-1.581383799  
1.491190935  
22.23497195  
16.98374666  
9.502239842  
-12.10770391  
-1.073421841  
20.05869178  
-24.61942526  
-4.550629879  
10.84847411  
10.54718715  
11.36493504  
2.723388182  
7.352672806  
2.25267318  
13.37514651  
6.966047359  
8.273617487  
-4.350407738  
-35.15519368  
-4.083051318  
-14.21326833  
13.23504173  
-6.48222304  
17.24555104  
9.9959185  
10.45472816  
-4.546354055  
-0.05310226585  
0.4964551116  
26.14500743  
-1.114736388  
-0.4652449332  
0.1967744012  
13.18613131  
-6.372875025  
3.855213611  
7.982465142  
0.1564568469  
2.726397903  
3.163468013  
5.952869681  
5.330295272  
2.068220107  
-5.202897378  
-2.165430402  
4.654903923  
2.753811021  
-39.06574543  
37.18414972  
4.846221903  
-14.75388981  
4.033872611  
-14.65091611  
-26.33003132  
12.2920965  
2.043735071  
0.7602770485  
-2.8204002  
7.223613683  
-18.19274997  
18.41939941  
11.53596617  
1.146539142  
0.3357688471  
11.76677371  
-4.099937568  
26.35386018  
13.12339116  
21.75862872  
-2.764970251  
-2.828312747  
-4.577894881  
11.34611526  
-13.79674668  
5.174645948  
-8.78675442  
12.58282255  
8.807153947  
